# Matter power spectrum P(k) at redshift z=0
# for k=1.045e-05 to 1.76212 h/Mpc,
# number of wavenumbers equal to 572
#    1:k (h/Mpc)              2:P (Mpc/h)^3        
       1.045004353659e-05       5.013564197401e+01 
       2.333031641191e-05       1.085574913641e+02 
       3.625588227478e-05       1.658910828713e+02 
       4.926151479886e-05       2.227826153137e+02 
       6.238256277147e-05       2.795951661857e+02 
       7.565526525573e-05       3.366004128311e+02 
       8.911707682935e-05       3.940285545745e+02 
       1.028070072254e-04       4.520908114588e+02 
       1.167659797337e-04       5.109920691743e+02 
       1.310372127538e-04       5.709345122019e+02 
       1.456666288999e-04       6.321227451389e+02 
       1.480253419385e-04       6.419670585858e+02 
       1.607032959933e-04       6.947731426910e+02 
       1.761999041049e-04       7.591076244590e+02 
       1.922132824364e-04       8.253615708034e+02 
       2.088049591725e-04       8.937880126341e+02 
       2.260417663572e-04       9.646584289494e+02 
       2.439964901826e-04       1.038262422815e+03 
       2.627485646038e-04       1.114918635595e+03 
       2.823848026390e-04       1.194967608929e+03 
       3.030001547524e-04       1.278783913347e+03 
       3.246984769618e-04       1.366774151055e+03 
       3.475932823712e-04       1.459374320845e+03 
       3.718084383105e-04       1.557069568606e+03 
       3.974787569286e-04       1.660375394233e+03 
       4.247504099412e-04       1.769855592618e+03 
       4.537810788286e-04       1.886111618479e+03 
       4.847397314503e-04       2.009782887243e+03 
       5.178058973611e-04       2.141550169926e+03 
       5.531683011775e-04       2.282119639121e+03 
       5.910227120278e-04       2.432224636310e+03 
       6.315688848103e-04       2.592599699513e+03 
       6.750065136253e-04       2.763970555459e+03 
       7.215301957685e-04       2.947032559454e+03 
       7.713235178393e-04       3.142427008169e+03 
       8.245525171330e-04       3.350694035936e+03 
       8.813589233714e-04       3.572266208254e+03 
       9.418537181085e-04       3.807421464426e+03 
       1.006111625023e-03       4.056254469448e+03 
       1.074167130173e-03       4.318657469300e+03 
       1.146012510003e-03       4.594303762551e+03 
       1.221598126442e-03       4.882641494370e+03 
       1.300834972012e-03       5.182904766355e+03 
       1.383599172000e-03       5.494118696690e+03 
       1.469737934559e-03       5.815157186601e+03 
       1.559076323707e-03       6.144752170527e+03 
       1.651424225339e-03       6.481568173535e+03 
       1.746582964488e-03       6.824237546802e+03 
       1.844351177362e-03       7.171410735409e+03 
       1.944529704535e-03       7.521814172313e+03 
       2.046925420223e-03       7.874281270716e+03 
       2.151354028043e-03       8.227781978466e+03 
       2.257641929764e-03       8.581443172748e+03 
       2.365627313660e-03       8.934552149399e+03 
       2.475160620804e-03       9.286552820133e+03 
       2.586104540500e-03       9.637020643210e+03 
       2.698333667920e-03       9.985648766430e+03 
       2.811733934391e-03       1.033220581122e+04 
       2.926201897709e-03       1.067651400083e+04 
       3.041643958743e-03       1.101841537375e+04 
       3.157975552624e-03       1.135775630403e+04 
       3.275120348274e-03       1.169435775371e+04 
       3.393009478659e-03       1.202802173370e+04 
       3.511580815647e-03       1.235852028781e+04 
       3.630778297097e-03       1.268560646640e+04 
       3.750551309427e-03       1.300902677485e+04 
       3.870854125873e-03       1.332853383279e+04 
       3.991645398709e-03       1.364390162545e+04 
       4.112887702458e-03       1.395493540870e+04 
       4.234547124471e-03       1.426149553119e+04 
       4.356592898947e-03       1.456347499713e+04 
       4.478997080387e-03       1.486082425737e+04 
       4.601734252622e-03       1.515353748375e+04 
       4.724781269731e-03       1.544164101131e+04 
       4.848117025456e-03       1.572517836389e+04 
       4.971722247963e-03       1.600420950205e+04 
       5.095579317155e-03       1.627878898914e+04 
       5.219672101965e-03       1.654897383315e+04 
       5.343985815356e-03       1.681478030380e+04 
       5.468506885021e-03       1.707624407033e+04 
       5.593222837957e-03       1.733334835312e+04 
       5.718122197344e-03       1.758608873659e+04 
       5.843194390312e-03       1.783444726241e+04 
       5.968429665356e-03       1.807840921135e+04 
       6.093819018308e-03       1.831796382945e+04 
       6.219354125900e-03       1.855311079929e+04 
       6.345027286062e-03       1.878386316514e+04 
       6.470831364216e-03       1.901025719806e+04 
       6.596759744904e-03       1.923234582359e+04 
       6.722806288150e-03       1.945018211020e+04 
       6.848965290071e-03       1.966381721665e+04 
       6.975231447254e-03       1.987333114652e+04 
       7.101599824520e-03       2.007878036868e+04 
       7.228065825700e-03       2.028022100977e+04 
       7.354625167123e-03       2.047767941107e+04 
       7.481273853536e-03       2.067121763625e+04 
       7.608008156190e-03       2.086085746575e+04 
       7.734824592903e-03       2.104662259292e+04 
       7.861719909871e-03       2.122852719194e+04 
       7.988691065083e-03       2.140660901592e+04 
       8.115735213160e-03       2.158087285458e+04 
       8.242849691494e-03       2.175136831184e+04 
       8.370032007558e-03       2.191812792708e+04 
       8.497279827281e-03       2.208118892143e+04 
       8.624590964378e-03       2.224059979508e+04 
       8.751963370559e-03       2.239641711062e+04 
       8.879395126527e-03       2.254868842763e+04 
       9.006884433703e-03       2.269746530346e+04 
       9.134429606599e-03       2.284279936643e+04 
       9.262029065802e-03       2.298473599818e+04 
       9.389681331491e-03       2.312330899187e+04 
       9.517385017465e-03       2.325854765460e+04 
       9.645138825623e-03       2.339049662874e+04 
       9.772941540856e-03       2.351916053270e+04 
       9.900792026335e-03       2.364458950464e+04 
       1.002868921914e-02       2.376679322016e+04 
       1.015663212621e-02       2.388581379370e+04 
       1.028461982061e-02       2.400168153331e+04 
       1.041265143804e-02       2.411444686665e+04 
       1.054072617360e-02       2.422413673337e+04 
       1.066884327883e-02       2.433079443222e+04 
       1.079700205893e-02       2.443446307450e+04 
       1.092520187012e-02       2.453518600442e+04 
       1.105344211731e-02       2.463299903399e+04 
       1.118172225186e-02       2.472794611972e+04 
       1.131004176945e-02       2.482005450803e+04 
       1.143840020824e-02       2.490935865491e+04 
       1.156679714699e-02       2.499587418191e+04 
       1.169523220346e-02       2.507964090716e+04 
       1.182370503282e-02       2.516069675351e+04 
       1.195221532621e-02       2.523904799104e+04 
       1.208076280943e-02       2.531472480701e+04 
       1.220934724164e-02       2.538776742830e+04 
       1.233796841425e-02       2.545821093492e+04 
       1.246662614979e-02       2.552607124490e+04 
       1.259532030097e-02       2.559139734014e+04 
       1.272405074970e-02       2.565422362673e+04 
       1.285281740626e-02       2.571458544742e+04 
       1.298162020846e-02       2.577250889576e+04 
       1.311045912097e-02       2.582802208734e+04 
       1.323933413457e-02       2.588117068242e+04 
       1.336824526554e-02       2.593196513515e+04 
       1.349719255511e-02       2.598044100081e+04 
       1.362617606888e-02       2.602662084350e+04 
       1.375519589637e-02       2.607054099435e+04 
       1.388425215054e-02       2.611219379623e+04 
       1.401334496739e-02       2.615162726248e+04 
       1.414247450562e-02       2.618887914100e+04 
       1.427164094624e-02       2.622395406512e+04 
       1.440084449233e-02       2.625689414014e+04 
       1.453008536872e-02       2.628772592378e+04 
       1.465936382179e-02       2.631646893936e+04 
       1.478868011923e-02       2.634317649785e+04 
       1.480253419385e-02       2.634591239262e+04 
       1.491803454989e-02       2.636785137662e+04 
       1.504742742361e-02       2.639054615098e+04 
       1.517685907110e-02       2.641126140769e+04 
       1.530632984383e-02       2.643003578876e+04 
       1.543584011397e-02       2.644689950626e+04 
       1.556539027431e-02       2.646186124281e+04 
       1.569498073826e-02       2.647497021302e+04 
       1.582461193980e-02       2.648621524136e+04 
       1.595428433354e-02       2.649563696164e+04 
       1.608399839469e-02       2.650326078681e+04 
       1.621375461918e-02       2.650907496321e+04 
       1.634355352367e-02       2.651314825420e+04 
       1.647339564568e-02       2.651548877865e+04 
       1.660328154369e-02       2.651611936148e+04 
       1.673321179724e-02       2.651508933520e+04 
       1.686318700712e-02       2.651240612795e+04 
       1.699320779547e-02       2.650808679785e+04 
       1.712327480604e-02       2.650214912218e+04 
       1.725338870431e-02       2.649464478978e+04 
       1.738355017775e-02       2.648555417405e+04 
       1.751375993603e-02       2.647493154008e+04 
       1.764401871129e-02       2.646278851131e+04 
       1.777432725836e-02       2.644915740301e+04 
       1.790468635509e-02       2.643401368625e+04 
       1.803509680262e-02       2.641738753959e+04 
       1.816555942570e-02       2.639942626694e+04 
       1.829607507301e-02       2.637995776190e+04 
       1.842664461752e-02       2.635914909298e+04 
       1.855726895686e-02       2.633694262838e+04 
       1.868794901367e-02       2.631337856285e+04 
       1.881868573605e-02       2.628852896854e+04 
       1.894948009792e-02       2.626234460117e+04 
       1.908033309946e-02       2.623488276521e+04 
       1.921124576762e-02       2.620613287130e+04 
       1.934221915651e-02       2.617614993249e+04 
       1.947325434792e-02       2.614495188075e+04 
       1.960435245183e-02       2.611251854616e+04 
       1.973551460693e-02       2.607893382820e+04 
       1.986674198114e-02       2.604414866424e+04 
       1.999803577221e-02       2.600820275223e+04 
       2.012939720825e-02       2.597114706263e+04 
       2.026082754838e-02       2.593300352607e+04 
       2.039232808331e-02       2.589371170170e+04 
       2.052390013601e-02       2.585339315215e+04 
       2.065554506237e-02       2.581197032973e+04 
       2.078726425187e-02       2.576958552013e+04 
       2.091905912828e-02       2.572611817106e+04 
       2.105093115044e-02       2.568168423335e+04 
       2.118288181296e-02       2.563626377493e+04 
       2.131491264700e-02       2.558986840096e+04 
       2.144702522112e-02       2.554253519878e+04 
       2.157922114206e-02       2.549423705362e+04 
       2.171150205562e-02       2.544509862561e+04 
       2.184386964754e-02       2.539499267374e+04 
       2.197632564439e-02       2.534404671792e+04 
       2.210887181452e-02       2.529224226277e+04 
       2.224150996904e-02       2.523954027945e+04 
       2.237424196280e-02       2.518604185071e+04 
       2.250706969541e-02       2.513177413060e+04 
       2.263999511233e-02       2.507666319368e+04 
       2.277302020593e-02       2.502080226127e+04 
       2.290614701666e-02       2.496418633697e+04 
       2.303937763416e-02       2.490683234763e+04 
       2.317271419850e-02       2.484856045758e+04 
       2.330615890140e-02       2.478975261045e+04 
       2.343971398752e-02       2.473027490576e+04 
       2.357338175575e-02       2.467007930515e+04 
       2.370716456060e-02       2.460913916159e+04 
       2.384106481359e-02       2.454759395373e+04 
       2.397508498468e-02       2.448542086338e+04 
       2.410922760378e-02       2.442259617992e+04 
       2.424349526229e-02       2.435916107309e+04 
       2.437789061469e-02       2.429511588758e+04 
       2.451241638015e-02       2.423051633127e+04 
       2.464707534428e-02       2.416535192091e+04 
       2.478187036083e-02       2.409959682982e+04 
       2.491680435354e-02       2.403333345488e+04 
       2.505188031796e-02       2.396650411020e+04 
       2.518710132342e-02       2.389918558579e+04 
       2.532247051500e-02       2.383137603041e+04 
       2.545799111558e-02       2.376305111167e+04 
       2.559366642799e-02       2.369425494781e+04 
       2.572949983721e-02       2.362499825762e+04 
       2.586549481263e-02       2.355533212185e+04 
       2.600165491040e-02       2.348517660266e+04 
       2.613798377589e-02       2.341458315921e+04 
       2.627448514617e-02       2.334362641233e+04 
       2.641116285265e-02       2.327220351389e+04 
       2.654802082375e-02       2.320043754273e+04 
       2.668506308772e-02       2.312827599998e+04 
       2.682229377548e-02       2.305573150489e+04 
       2.695971712367e-02       2.298288605422e+04 
       2.709733747773e-02       2.290966366401e+04 
       2.723515929510e-02       2.283604713216e+04 
       2.737318714856e-02       2.276221852318e+04 
       2.751142572969e-02       2.268805891022e+04 
       2.764987985243e-02       2.261355128232e+04 
       2.778855445682e-02       2.253875706264e+04 
       2.792745461282e-02       2.246368635873e+04 
       2.806658552435e-02       2.238834863447e+04 
       2.820595253338e-02       2.231273795718e+04 
       2.834556112430e-02       2.223693063203e+04 
       2.848541692836e-02       2.216084421561e+04 
       2.862552572832e-02       2.208449096942e+04 
       2.876589346327e-02       2.200799981917e+04 
       2.890652623370e-02       2.193117436742e+04 
       2.904743030666e-02       2.185429087731e+04 
       2.918861212123e-02       2.177708357751e+04 
       2.933007829415e-02       2.169973650084e+04 
       2.947183562571e-02       2.162221297360e+04 
       2.961389110586e-02       2.154449308563e+04 
       2.975625192060e-02       2.146667780971e+04 
       2.989892545861e-02       2.138869890016e+04 
       3.004191931819e-02       2.131054234469e+04 
       3.018524131444e-02       2.123222611204e+04 
       3.032889948681e-02       2.115380248294e+04 
       3.047290210694e-02       2.107528747048e+04 
       3.061725768688e-02       2.099661729805e+04 
       3.076197498757e-02       2.091785441408e+04 
       3.090706302785e-02       2.083897070068e+04 
       3.105253109375e-02       2.076005539080e+04 
       3.119838874823e-02       2.068092682827e+04 
       3.134464584141e-02       2.060180963074e+04 
       3.149131252121e-02       2.052259527461e+04 
       3.163839924453e-02       2.044330309376e+04 
       3.178591678889e-02       2.036396465177e+04 
       3.193387626472e-02       2.028460250905e+04 
       3.208228912814e-02       2.020514572689e+04 
       3.223116719440e-02       2.012558244386e+04 
       3.238052265200e-02       2.004607332735e+04 
       3.253036807743e-02       1.996649266952e+04 
       3.268071645071e-02       1.988687438917e+04 
       3.283158117168e-02       1.980730165182e+04 
       3.298297607712e-02       1.972761401768e+04 
       3.313491545873e-02       1.964792804833e+04 
       3.328741408208e-02       1.956827315949e+04 
       3.344048720648e-02       1.948851578286e+04 
       3.359415060597e-02       1.940883842378e+04 
       3.374842059140e-02       1.932915980099e+04 
       3.390331403367e-02       1.924945993626e+04 
       3.405884838827e-02       1.916971761588e+04 
       3.421504172117e-02       1.909007227661e+04 
       3.437191273616e-02       1.901039577470e+04 
       3.452948080364e-02       1.893073194436e+04 
       3.468776599121e-02       1.885106328529e+04 
       3.484678909583e-02       1.877146218483e+04 
       3.500657167801e-02       1.869190980799e+04 
       3.516713609794e-02       1.861233630659e+04 
       3.532850555374e-02       1.853281355904e+04 
       3.549070412207e-02       1.845328734785e+04 
       3.565375680123e-02       1.837380247115e+04 
       3.581768955680e-02       1.829434394825e+04 
       3.598252937029e-02       1.821495280031e+04 
       3.614830429073e-02       1.813559131779e+04 
       3.631504348966e-02       1.805621994755e+04 
       3.648277731957e-02       1.797693668356e+04 
       3.665153737632e-02       1.789761976319e+04 
       3.682135656553e-02       1.781840580302e+04 
       3.699226917363e-02       1.773919660334e+04 
       3.716431094357e-02       1.766004674116e+04 
       3.733751915589e-02       1.758096050608e+04 
       3.751193271545e-02       1.750182948612e+04 
       3.768759224422e-02       1.742275834991e+04 
       3.786454018086e-02       1.734371324593e+04 
       3.804282088753e-02       1.726473387443e+04 
       3.822248076459e-02       1.718573744929e+04 
       3.840356837390e-02       1.710680718358e+04 
       3.858613457153e-02       1.702794545364e+04 
       3.877023265076e-02       1.694904184927e+04 
       3.895591849622e-02       1.687014385294e+04 
       3.914325075039e-02       1.679125091370e+04 
       3.933229099347e-02       1.671243341985e+04 
       3.952310393810e-02       1.663357548691e+04 
       3.971575764030e-02       1.655474345431e+04 
       3.991032372825e-02       1.647592596390e+04 
       4.010687765085e-02       1.639708460089e+04 
       4.030549894797e-02       1.631820008360e+04 
       4.050627154482e-02       1.623930460634e+04 
       4.070928407293e-02       1.616042059501e+04 
       4.091463022074e-02       1.608153380444e+04 
       4.112240911701e-02       1.600256778209e+04 
       4.133272575084e-02       1.592349679171e+04 
       4.154569143252e-02       1.584447713957e+04 
       4.176142429988e-02       1.576532047269e+04 
       4.198004987580e-02       1.568608821353e+04 
       4.220170168291e-02       1.560680474104e+04 
       4.242652192265e-02       1.552744139904e+04 
       4.265466222686e-02       1.544794722722e+04 
       4.288628449125e-02       1.536833407773e+04 
       4.312156180147e-02       1.528859090758e+04 
       4.336067946426e-02       1.520868898146e+04 
       4.360383615804e-02       1.512864614843e+04 
       4.385124521978e-02       1.504841692391e+04 
       4.410313608732e-02       1.496798854020e+04 
       4.435975592028e-02       1.488737343850e+04 
       4.462137142575e-02       1.480649534131e+04 
       4.488827092040e-02       1.472534513118e+04 
       4.516076666560e-02       1.464393744415e+04 
       4.543919751941e-02       1.456221675596e+04 
       4.572393195709e-02       1.448014120122e+04 
       4.601537152183e-02       1.439772291247e+04 
       4.631395477968e-02       1.431489766235e+04 
       4.662016186697e-02       1.423163821065e+04 
       4.693451973735e-02       1.414793460799e+04 
       4.725760823744e-02       1.406365975081e+04 
       4.759006716825e-02       1.397885770895e+04 
       4.793260452409e-02       1.389343782569e+04 
       4.828600614379e-02       1.380734817971e+04 
       4.865114706358e-02       1.372051793535e+04 
       4.902900492921e-02       1.363290473922e+04 
       4.942067591132e-02       1.354438674692e+04 
       4.982739367778e-02       1.345490627738e+04 
       5.025055211621e-02       1.336435533890e+04 
       5.069173267750e-02       1.327262289959e+04 
       5.115273743770e-02       1.317955264780e+04 
       5.163562926413e-02       1.308501034254e+04 
       5.214278083701e-02       1.298884186899e+04 
       5.267693473781e-02       1.289078514402e+04 
       5.324127738357e-02       1.279063015229e+04 
       5.383953027107e-02       1.268805974505e+04 
       5.447606277634e-02       1.258270561937e+04 
       5.515603156099e-02       1.247410345297e+04 
       5.588555227272e-02       1.236170514796e+04 
       5.667190925284e-02       1.224484382311e+04 
       5.752380745805e-02       1.212242649063e+04 
       5.845166594101e-02       1.199344812649e+04 
       5.946794058777e-02       1.185627471210e+04 
       6.058743936948e-02       1.170882403867e+04 
       6.182754673845e-02       1.154834343528e+04 
       6.320819350942e-02       1.137111948655e+04 
       6.475129000261e-02       1.117235589775e+04 
       6.647921332788e-02       1.094593598458e+04 
       6.841192418078e-02       1.068462819109e+04 
       7.056263880250e-02       1.038088427198e+04 
       7.293295004204e-02       1.002848346023e+04 
       7.550958765985e-02       9.625040631375e+03 
       7.826529560905e-02       9.174350876953e+03 
       8.116429132993e-02       8.687328506861e+03 
       8.416970062556e-02       8.180731060572e+03 
       8.724940126816e-02       7.674219671953e+03 
       9.037859294554e-02       7.187023493982e+03 
       9.353968143703e-02       6.735297731458e+03 
       9.672087746819e-02       6.330512475439e+03 
       9.991457037355e-02       5.978942920626e+03 
       1.031159620723e-01       5.682002595978e+03 
       1.063220720543e-01       5.436700489973e+03 
       1.095310656182e-01       5.236820644289e+03 
       1.127418195793e-01       5.073795267716e+03 
       1.159536485621e-01       4.937689308140e+03 
       1.191661350962e-01       4.818169839510e+03 
       1.223790251060e-01       4.705384942243e+03 
       1.255921639745e-01       4.590865131729e+03 
       1.288054575602e-01       4.468148240530e+03 
       1.320188484734e-01       4.333296001997e+03 
       1.352323016563e-01       4.185021702797e+03 
       1.384457956237e-01       4.024535207778e+03 
       1.416593171444e-01       3.855047323488e+03 
       1.448728580113e-01       3.681131980211e+03 
       1.480253419385e-01       3.511228532744e+03 
       1.480864130799e-01       3.507978155036e+03 
       1.512999790776e-01       3.340705722542e+03 
       1.545135538792e-01       3.183783680300e+03 
       1.577271360663e-01       3.040638415539e+03 
       1.609407246599e-01       2.913414066104e+03 
       1.641543189557e-01       2.802927629432e+03 
       1.673679184250e-01       2.708755937342e+03 
       1.705815226526e-01       2.629383371400e+03 
       1.737951312990e-01       2.562478999998e+03 
       1.770087440770e-01       2.505153607567e+03 
       1.802223607367e-01       2.454272313711e+03 
       1.834359810556e-01       2.406894661095e+03 
       1.866496048334e-01       2.360527278643e+03 
       1.898632318867e-01       2.312309849421e+03 
       1.930768620469e-01       2.260527801137e+03 
       1.962904951580e-01       2.204252574930e+03 
       1.995041310749e-01       2.143430952306e+03 
       2.027177696623e-01       2.078757014974e+03 
       2.059314107936e-01       2.011497420197e+03 
       2.091450543505e-01       1.943284036761e+03 
       2.123587002217e-01       1.875792900264e+03 
       2.155723483029e-01       1.810566055102e+03 
       2.187859984959e-01       1.748875594583e+03 
       2.219996507083e-01       1.691661366296e+03 
       2.252133048531e-01       1.639513849369e+03 
       2.284269608481e-01       1.592669821105e+03 
       2.316406186157e-01       1.551048457688e+03 
       2.348542780827e-01       1.514253809088e+03 
       2.380679391798e-01       1.481619477928e+03 
       2.412816018414e-01       1.452269152435e+03 
       2.444952660054e-01       1.425207664068e+03 
       2.477089316131e-01       1.399435922172e+03 
       2.509225986084e-01       1.374055009457e+03 
       2.541362669386e-01       1.348335525464e+03 
       2.573499365533e-01       1.321790432664e+03 
       2.605636074046e-01       1.294146095366e+03 
       2.637772794471e-01       1.265364331921e+03 
       2.669909526374e-01       1.235564358560e+03 
       2.702046269346e-01       1.205050120278e+03 
       2.734183022991e-01       1.174223736511e+03 
       2.766319786937e-01       1.143574351199e+03 
       2.798456560827e-01       1.113604937000e+03 
       2.830593344319e-01       1.084798152822e+03 
       2.862730137090e-01       1.057532331296e+03 
       2.894866938827e-01       1.032057347568e+03 
       2.927003749234e-01       1.008483421983e+03 
       2.959140568028e-01       9.867714020607e+02 
       2.991277394936e-01       9.667689512251e+02 
       3.023414229698e-01       9.482538297849e+02 
       3.055551072065e-01       9.309573380248e+02 
       3.087687921799e-01       9.145927221863e+02 
       3.119824778670e-01       8.988699555899e+02 
       3.151961642459e-01       8.835191470522e+02 
       3.184098512957e-01       8.682999096578e+02 
       3.216235389959e-01       8.530168705044e+02 
       3.248372273274e-01       8.375432048752e+02 
       3.280509162713e-01       8.218383594433e+02 
       3.312646058099e-01       8.059211679894e+02 
       3.344782959258e-01       7.898918541420e+02 
       3.376919866026e-01       7.738827289847e+02 
       3.409056778242e-01       7.580391376547e+02 
       3.441193695754e-01       7.425013181167e+02 
       3.473330618414e-01       7.273944958712e+02 
       3.505467546079e-01       7.128187575571e+02 
       3.537604478613e-01       6.988550677290e+02 
       3.569741415884e-01       6.855569549973e+02 
       3.601878357763e-01       6.729419945624e+02 
       3.634015304129e-01       6.609973984181e+02 
       3.666152254863e-01       6.496689925095e+02 
       3.698289209850e-01       6.388740102929e+02 
       3.730426168981e-01       6.285110662256e+02 
       3.762563132148e-01       6.184694686410e+02 
       3.794700099248e-01       6.086576280540e+02 
       3.826837070182e-01       5.989957964008e+02 
       3.858974044854e-01       5.894363140605e+02 
       3.891111023171e-01       5.799442567307e+02 
       3.923248005043e-01       5.705008508808e+02 
       3.955384990383e-01       5.611034173529e+02 
       3.987521979106e-01       5.517586526276e+02 
       4.019658971132e-01       5.424880148972e+02 
       4.051795966381e-01       5.333208931795e+02 
       4.083932964776e-01       5.243017360701e+02 
       4.116069966245e-01       5.154717482854e+02 
       4.148206970715e-01       5.068712970083e+02 
       4.180343978117e-01       4.985269352048e+02 
       4.212480988383e-01       4.904471830817e+02 
       4.244618001448e-01       4.826349303341e+02 
       4.276755017249e-01       4.750786268874e+02 
       4.308892035724e-01       4.677678934888e+02 
       4.341029056814e-01       4.606871523005e+02 
       4.373166080461e-01       4.538228316083e+02 
       4.405303106608e-01       4.471538833598e+02 
       4.437440135202e-01       4.406554310738e+02 
       4.469577166189e-01       4.343010990942e+02 
       4.501714199518e-01       4.280605927965e+02 
       4.533851235138e-01       4.219103828696e+02 
       4.565988273002e-01       4.158358420190e+02 
       4.598125313061e-01       4.098295027481e+02 
       4.630262355271e-01       4.038921320426e+02 
       4.662399399587e-01       3.980309438631e+02 
       4.694536445964e-01       3.922509384431e+02 
       4.726673494362e-01       3.865554223091e+02 
       4.758810544738e-01       3.809525605605e+02 
       4.790947597053e-01       3.754510200813e+02 
       4.823084651269e-01       3.700580889916e+02 
       4.855221707346e-01       3.647840494040e+02 
       4.887358765249e-01       3.596403628085e+02 
       4.919495824942e-01       3.546308305570e+02 
       4.951632886388e-01       3.497571668358e+02 
       4.983769949556e-01       3.450093972354e+02 
       5.015907014410e-01       3.403790483105e+02 
       5.048044080920e-01       3.358524377464e+02 
       5.080181149053e-01       3.314176830116e+02 
       5.112318218778e-01       3.270683337057e+02 
       5.144455290067e-01       3.227968005946e+02 
       5.176592362889e-01       3.185989467111e+02 
       5.208729437216e-01       3.144675251323e+02 
       5.240866513020e-01       3.103960334292e+02 
       5.273003590275e-01       3.063810171687e+02 
       5.305140668953e-01       3.024182451243e+02 
       5.337277749030e-01       2.985087978250e+02 
       5.369414830479e-01       2.946570944110e+02 
       5.401551913277e-01       2.908681534798e+02 
       5.433688997399e-01       2.871490638100e+02 
       5.465826082821e-01       2.834996979756e+02 
       5.497963169522e-01       2.799188715084e+02 
       5.530100257478e-01       2.764066498720e+02 
       5.562237346669e-01       2.729618341230e+02 
       5.594374437071e-01       2.695792296601e+02 
       5.626511528665e-01       2.662629323700e+02 
       5.658648621431e-01       2.630115500894e+02 
       5.690785715348e-01       2.598240049217e+02 
       5.722922810396e-01       2.566976278189e+02 
       5.755059906558e-01       2.536280246721e+02 
       5.787197003814e-01       2.506102920284e+02 
       5.819334102146e-01       2.476384967112e+02 
       5.851471201537e-01       2.447115524834e+02 
       5.883608301968e-01       2.418294825592e+02 
       5.915745403424e-01       2.389913755897e+02 
       5.947882505886e-01       2.361971311530e+02 
       5.980019609340e-01       2.334479163945e+02 
       6.012156713769e-01       2.307396093882e+02 
       6.044293819157e-01       2.280706597687e+02 
       6.076430925490e-01       2.254405344346e+02 
       6.108568032752e-01       2.228486047827e+02 
       6.140705140928e-01       2.202969653319e+02 
       6.172842250005e-01       2.177885088424e+02 
       6.204979359968e-01       2.153228486683e+02 
       6.237116470804e-01       2.129005231333e+02 
       6.269253582499e-01       2.105199337483e+02 
       6.301390695040e-01       2.081769165839e+02 
       6.667540561636e-01       1.839057360769e+02 
       7.107351280313e-01       1.596490987814e+02 
       7.661003767386e-01       1.350478166602e+02 
       8.406393031043e-01       1.095715276735e+02 
       9.505981221482e-01       8.281738967763e+01 
       1.127496312962e+00       5.584078294833e+01 
       1.400595265552e+00       3.354939272311e+01 
       1.762121257845e+00       1.937756204198e+01 
