# Matter power spectrum P(k) at redshift z=0
# for k=1.045e-05 to 1.09048 h/Mpc,
# number of wavenumbers equal to 603
#    1:k (h/Mpc)              2:P (Mpc/h)^3        
       1.045004358467e-05       5.246581788317e+01 
       2.333031646010e-05       1.136017175874e+02 
       3.625588232320e-05       1.735960470028e+02 
       4.926151484764e-05       2.331228392166e+02 
       6.238256282075e-05       2.925614024526e+02 
       7.565526530564e-05       3.521934546165e+02 
       8.911707688004e-05       4.122582311909e+02 
       1.028070072771e-04       4.729750162099e+02 
       1.167659797864e-04       5.345546247158e+02 
       1.310372128078e-04       5.972063022250e+02 
       1.456666289553e-04       6.611424920296e+02 
       1.607032960503e-04       7.265824961564e+02 
       1.761999041637e-04       7.937555920810e+02 
       1.922132824973e-04       8.629038361505e+02 
       2.088049592357e-04       9.342847673875e+02 
       2.260417664229e-04       1.008174029212e+03 
       2.439964902511e-04       1.084868026500e+03 
       2.627485646754e-04       1.164686569496e+03 
       2.823848027141e-04       1.247975528248e+03 
       3.030001548313e-04       1.335109443042e+03 
       3.246984770450e-04       1.426493999258e+03 
       3.475932824591e-04       1.522568254296e+03 
       3.718084384036e-04       1.623806443274e+03 
       3.974787570274e-04       1.730719146181e+03 
       4.247504100463e-04       1.843853473132e+03 
       4.537810789406e-04       1.963791963627e+03 
       4.847397315698e-04       2.091149692407e+03 
       5.178058974888e-04       2.226569143761e+03 
       5.531683013141e-04       2.370712285927e+03 
       5.910227121742e-04       2.524249389577e+03 
       6.315688849671e-04       2.687844194249e+03 
       6.750065137933e-04       2.862135299057e+03 
       7.215301959484e-04       3.047714001484e+03 
       7.713235180317e-04       3.245099240366e+03 
       8.245525173385e-04       3.454711022598e+03 
       8.813589235905e-04       3.676844086146e+03 
       9.418537183416e-04       3.911644185466e+03 
       1.006111625270e-03       4.159089540959e+03 
       1.074167130434e-03       4.418979828593e+03 
       1.146012510279e-03       4.690934302669e+03 
       1.221598126731e-03       4.974399929999e+03 
       1.300834972314e-03       5.268669079345e+03 
       1.383599172316e-03       5.572904630344e+03 
       1.469737934887e-03       5.886170452334e+03 
       1.559076324047e-03       6.207463965463e+03 
       1.651424225690e-03       6.535747552160e+03 
       1.746582964849e-03       6.869977553261e+03 
       1.844351177732e-03       7.209128512128e+03 
       1.944529704913e-03       7.552212770140e+03 
       2.046925420610e-03       7.898294760710e+03 
       2.151354028436e-03       8.246501363262e+03 
       2.257641930165e-03       8.596027012175e+03 
       2.365627314066e-03       8.946136716432e+03 
       2.475160621216e-03       9.296165184704e+03 
       2.586104540918e-03       9.645514808873e+03 
       2.698333668342e-03       9.993652958264e+03 
       2.811733934817e-03       1.034010487289e+04 
       2.926201898139e-03       1.068445949054e+04 
       3.041643959176e-03       1.102634313572e+04 
       3.157975553061e-03       1.136543904487e+04 
       3.275120348714e-03       1.170146799701e+04 
       3.393009479101e-03       1.203418797090e+04 
       3.511580816091e-03       1.236339034213e+04 
       3.630778297544e-03       1.268889491903e+04 
       3.750551309875e-03       1.301054811104e+04 
       3.870854126324e-03       1.332822055198e+04 
       3.991645399162e-03       1.364180038755e+04 
       4.112887702912e-03       1.395119446550e+04 
       4.234547124926e-03       1.425632816955e+04 
       4.356592899404e-03       1.455713596381e+04 
       4.478997080846e-03       1.485356936653e+04 
       4.601734253081e-03       1.514559171777e+04 
       4.724781270192e-03       1.543316636897e+04 
       4.848117025917e-03       1.571624385813e+04 
       4.971722248425e-03       1.599488550637e+04 
       5.095579317619e-03       1.626902540683e+04 
       5.219672102429e-03       1.653867927772e+04 
       5.343985815821e-03       1.680392902119e+04 
       5.468506885487e-03       1.706470851642e+04 
       5.593222838424e-03       1.732104341484e+04 
       5.718122197811e-03       1.757294591660e+04 
       5.843194390780e-03       1.781993141808e+04 
       5.968429665824e-03       1.806301935464e+04 
       6.093819018777e-03       1.830173515530e+04 
       6.219354126370e-03       1.853611340650e+04 
       6.345027286532e-03       1.876618381891e+04 
       6.470831364687e-03       1.899194303303e+04 
       6.596759745375e-03       1.921346389173e+04 
       6.722806288621e-03       1.943084174414e+04 
       6.848965290542e-03       1.964398148065e+04 
       6.975231447726e-03       1.985314394622e+04 
       7.101599824993e-03       2.005819849713e+04 
       7.228065826172e-03       2.025918623559e+04 
       7.354625167597e-03       2.045605514384e+04 
       7.481273854009e-03       2.064946146336e+04 
       7.608008156664e-03       2.083846979067e+04 
       7.734824593377e-03       2.102405453246e+04 
       7.861719910346e-03       2.120530544998e+04 
       7.988691065558e-03       2.138283625669e+04 
       8.115735213635e-03       2.155667202316e+04 
       8.242849691969e-03       2.172647700191e+04 
       8.370032008033e-03       2.189307045055e+04 
       8.497279827757e-03       2.205657623123e+04 
       8.624590964854e-03       2.221566585303e+04 
       8.751963371035e-03       2.237122016593e+04 
       8.879395127003e-03       2.252322894492e+04 
       9.006884434179e-03       2.267173306170e+04 
       9.134429607076e-03       2.281591180998e+04 
       9.262029066279e-03       2.295760911091e+04 
       9.389681331968e-03       2.309599076435e+04 
       9.517385017943e-03       2.323051366218e+04 
       9.645138826100e-03       2.336316981113e+04 
       9.772941541334e-03       2.349033060942e+04 
       9.900792026813e-03       2.361660682677e+04 
       1.002868921962e-02       2.373763399778e+04 
       1.015663212669e-02       2.385635264348e+04 
       1.028461982109e-02       2.397186669399e+04 
       1.041265143851e-02       2.408445703329e+04 
       1.054072617408e-02       2.419483899859e+04 
       1.066884327931e-02       2.429998806682e+04 
       1.079700205940e-02       2.440477414119e+04 
       1.092520187060e-02       2.450525152847e+04 
       1.105344211779e-02       2.460233243602e+04 
       1.118172225234e-02       2.469699691451e+04 
       1.131004176993e-02       2.478856953703e+04 
       1.143840020872e-02       2.487794136822e+04 
       1.156679714747e-02       2.496394546484e+04 
       1.169523220394e-02       2.504777172205e+04 
       1.182370503330e-02       2.512938855932e+04 
       1.195221532669e-02       2.520746325248e+04 
       1.208076280991e-02       2.528298285330e+04 
       1.220934724212e-02       2.535572453388e+04 
       1.233796841473e-02       2.542614940299e+04 
       1.246662615027e-02       2.549400486140e+04 
       1.259532030145e-02       2.555912992669e+04 
       1.272405075018e-02       2.562046326059e+04 
       1.285281740674e-02       2.568195130221e+04 
       1.298162020894e-02       2.573980752289e+04 
       1.311045912145e-02       2.579506872190e+04 
       1.323933413505e-02       2.584693019439e+04 
       1.336824526602e-02       2.589754736692e+04 
       1.349719255559e-02       2.594734367654e+04 
       1.362617606937e-02       2.599327033276e+04 
       1.375519589685e-02       2.603582811731e+04 
       1.388425215102e-02       2.607727418726e+04 
       1.401334496787e-02       2.611681555195e+04 
       1.414247450610e-02       2.615449105108e+04 
       1.427164094672e-02       2.619007928126e+04 
       1.440084449281e-02       2.622305200600e+04 
       1.453008536920e-02       2.625354858622e+04 
       1.465936382227e-02       2.628130255006e+04 
       1.478868011971e-02       2.630828212049e+04 
       1.491803455037e-02       2.633363174877e+04 
       1.504742742409e-02       2.635624223740e+04 
       1.517685907158e-02       2.637576442591e+04 
       1.530632984432e-02       2.639546555997e+04 
       1.543584011446e-02       2.641237401948e+04 
       1.556539027480e-02       2.642650578005e+04 
       1.569498073875e-02       2.644009722721e+04 
       1.582461194029e-02       2.645145357661e+04 
       1.595428433402e-02       2.646086050820e+04 
       1.608399839517e-02       2.646760812574e+04 
       1.621375461966e-02       2.647448057662e+04 
       1.634355352415e-02       2.647747953641e+04 
       1.647339564617e-02       2.647978135694e+04 
       1.660328154418e-02       2.648043148069e+04 
       1.673321179773e-02       2.647936743542e+04 
       1.686318700760e-02       2.647665714065e+04 
       1.699320779596e-02       2.647236224479e+04 
       1.712327480652e-02       2.646694440854e+04 
       1.725338870479e-02       2.645863178806e+04 
       1.738355017823e-02       2.644975784404e+04 
       1.751375993652e-02       2.643909352741e+04 
       1.764401871177e-02       2.642779020450e+04 
       1.777432725885e-02       2.641308563872e+04 
       1.790468635558e-02       2.639839772264e+04 
       1.803509680311e-02       2.638159641263e+04 
       1.816555942619e-02       2.636377861180e+04 
       1.829607507349e-02       2.634430578789e+04 
       1.842664461801e-02       2.632323060062e+04 
       1.855726895735e-02       2.630113025261e+04 
       1.868794901416e-02       2.627837290507e+04 
       1.881868573654e-02       2.625345168336e+04 
       1.894948009841e-02       2.622718824977e+04 
       1.908033309995e-02       2.619941015268e+04 
       1.921124576811e-02       2.617043993722e+04 
       1.934221915700e-02       2.614051340850e+04 
       1.947325434841e-02       2.610992038380e+04 
       1.960435245232e-02       2.607750109290e+04 
       1.973551460742e-02       2.604343507425e+04 
       1.986674198163e-02       2.600875786050e+04 
       1.999803577270e-02       2.597286166834e+04 
       2.012939720874e-02       2.593620164800e+04 
       2.026082754887e-02       2.589746891323e+04 
       2.039232808380e-02       2.585912905208e+04 
       2.052390013650e-02       2.581803748249e+04 
       2.065554506286e-02       2.577671056223e+04 
       2.078726425236e-02       2.573429447532e+04 
       2.091905912878e-02       2.569087378090e+04 
       2.105093115094e-02       2.564655149685e+04 
       2.118288181345e-02       2.560110571084e+04 
       2.131491264749e-02       2.555485753820e+04 
       2.144702522161e-02       2.550822066270e+04 
       2.157922114255e-02       2.545929114629e+04 
       2.171150205612e-02       2.541023345895e+04 
       2.184386964803e-02       2.536016216299e+04 
       2.197632564488e-02       2.530986389105e+04 
       2.210887181502e-02       2.525757826519e+04 
       2.224150996954e-02       2.520494076572e+04 
       2.237424196329e-02       2.515148876530e+04 
       2.250706969590e-02       2.509727223791e+04 
       2.263999511282e-02       2.504223450605e+04 
       2.277302020643e-02       2.498641908834e+04 
       2.290614701716e-02       2.492992615891e+04 
       2.303937763466e-02       2.487302687510e+04 
       2.317271419900e-02       2.481448823756e+04 
       2.330615890190e-02       2.475573731549e+04 
       2.343971398802e-02       2.469633054623e+04 
       2.357338175625e-02       2.463668357772e+04 
       2.370716456110e-02       2.457537854357e+04 
       2.384106481409e-02       2.451387899539e+04 
       2.397508498518e-02       2.445177044678e+04 
       2.410922760429e-02       2.438910977862e+04 
       2.424349526280e-02       2.432571430239e+04 
       2.437789061519e-02       2.426178320414e+04 
       2.451241638065e-02       2.419731829934e+04 
       2.464707534478e-02       2.413239680161e+04 
       2.478187036134e-02       2.406644474490e+04 
       2.491680435405e-02       2.400030853674e+04 
       2.505188031847e-02       2.393357445338e+04 
       2.518710132393e-02       2.386637674821e+04 
       2.532247051550e-02       2.379877745127e+04 
       2.545799111608e-02       2.373041714783e+04 
       2.559366642850e-02       2.366208812308e+04 
       2.572949983772e-02       2.359278587269e+04 
       2.586549481314e-02       2.352330386622e+04 
       2.600165491091e-02       2.345329464023e+04 
       2.613798377640e-02       2.338233853246e+04 
       2.627448514668e-02       2.331172027779e+04 
       2.641116285316e-02       2.324038943346e+04 
       2.654802082427e-02       2.316879210998e+04 
       2.668506308823e-02       2.309669534014e+04 
       2.682229377599e-02       2.302418426403e+04 
       2.695971712418e-02       2.295131329222e+04 
       2.709733747825e-02       2.287832771677e+04 
       2.723515929562e-02       2.280483971526e+04 
       2.737318714908e-02       2.273092054481e+04 
       2.751142573021e-02       2.265698246169e+04 
       2.764987985295e-02       2.258247893594e+04 
       2.778855445734e-02       2.250795751466e+04 
       2.792745461334e-02       2.243297023509e+04 
       2.806658552487e-02       2.235779802365e+04 
       2.820595253390e-02       2.228222956598e+04 
       2.834556112483e-02       2.220634954998e+04 
       2.848541692888e-02       2.213044010950e+04 
       2.862552572884e-02       2.205406695744e+04 
       2.876589346380e-02       2.197772905864e+04 
       2.890652623423e-02       2.190095224446e+04 
       2.904743030719e-02       2.182417910833e+04 
       2.918861212176e-02       2.174710502818e+04 
       2.933007829468e-02       2.167002678612e+04 
       2.947183562624e-02       2.159238647750e+04 
       2.961389110639e-02       2.151485887728e+04 
       2.975625192113e-02       2.143706122934e+04 
       2.989892545914e-02       2.135928779474e+04 
       3.004191931872e-02       2.128113521929e+04 
       3.018524131497e-02       2.120293510443e+04 
       3.032889948734e-02       2.112464516274e+04 
       3.047290210748e-02       2.104619983958e+04 
       3.061725768742e-02       2.096786903121e+04 
       3.076197498811e-02       2.088897709754e+04 
       3.090706302839e-02       2.081021745769e+04 
       3.105253109429e-02       2.073136984572e+04 
       3.119838874877e-02       2.065256209241e+04 
       3.134464584196e-02       2.057354754372e+04 
       3.149131252176e-02       2.049440197053e+04 
       3.163839924508e-02       2.041527722127e+04 
       3.178591678944e-02       2.033586599048e+04 
       3.193387626528e-02       2.025670796312e+04 
       3.208228912869e-02       2.017738782656e+04 
       3.223116719496e-02       2.009783729864e+04 
       3.238052265256e-02       2.001854447286e+04 
       3.253036807799e-02       1.993906994184e+04 
       3.268071645127e-02       1.985943326889e+04 
       3.283158117224e-02       1.977996501190e+04 
       3.298297607769e-02       1.970046523138e+04 
       3.313491545930e-02       1.962082551142e+04 
       3.328741408265e-02       1.954120936853e+04 
       3.344048720705e-02       1.946165241233e+04 
       3.359415060655e-02       1.938209460020e+04 
       3.374842059198e-02       1.930243857290e+04 
       3.390331403425e-02       1.922299037101e+04 
       3.405884838885e-02       1.914341550681e+04 
       3.421504172176e-02       1.906374281422e+04 
       3.437191273675e-02       1.898420923668e+04 
       3.452948080423e-02       1.890461210101e+04 
       3.468776599180e-02       1.882506497758e+04 
       3.484678909642e-02       1.874566920618e+04 
       3.500657167861e-02       1.866603877430e+04 
       3.516713609854e-02       1.858662391879e+04 
       3.532850555434e-02       1.850723183010e+04 
       3.549070412268e-02       1.842774523167e+04 
       3.565375680184e-02       1.834838280684e+04 
       3.581768955741e-02       1.826904155670e+04 
       3.598252937090e-02       1.818974729290e+04 
       3.614830429135e-02       1.811045727365e+04 
       3.631504349028e-02       1.803130495957e+04 
       3.648277732020e-02       1.795203044986e+04 
       3.665153737695e-02       1.787290958995e+04 
       3.682135656617e-02       1.779370902076e+04 
       3.699226917427e-02       1.771473146559e+04 
       3.716431094421e-02       1.763558672698e+04 
       3.733751915655e-02       1.755667012874e+04 
       3.751193271611e-02       1.747764782852e+04 
       3.768759224488e-02       1.739864035672e+04 
       3.786454018152e-02       1.731971561519e+04 
       3.804282088820e-02       1.724085598914e+04 
       3.822248076527e-02       1.716198719575e+04 
       3.840356837458e-02       1.708313240020e+04 
       3.858613457221e-02       1.700439657114e+04 
       3.877023265145e-02       1.692559591602e+04 
       3.895591849692e-02       1.684681107662e+04 
       3.914325075110e-02       1.676805552536e+04 
       3.933229099418e-02       1.668921635325e+04 
       3.952310393882e-02       1.661055931373e+04 
       3.971575764102e-02       1.653178546361e+04 
       3.991032372898e-02       1.645303611996e+04 
       4.010687765158e-02       1.637438836990e+04 
       4.030549894872e-02       1.629562645560e+04 
       4.050627154557e-02       1.621675381326e+04 
       4.070928407370e-02       1.613797189154e+04 
       4.091463022152e-02       1.605929948696e+04 
       4.112240911779e-02       1.598034131459e+04 
       4.133272575164e-02       1.590140753871e+04 
       4.154569143332e-02       1.582249979973e+04 
       4.176142430069e-02       1.574338732594e+04 
       4.198004987663e-02       1.566424501730e+04 
       4.220170168375e-02       1.558516985027e+04 
       4.242652192350e-02       1.550582965435e+04 
       4.265466222772e-02       1.542650269706e+04 
       4.288628449213e-02       1.534699544716e+04 
       4.312156180236e-02       1.526733670278e+04 
       4.336067946516e-02       1.518739331714e+04 
       4.360383615896e-02       1.510761390583e+04 
       4.385124522071e-02       1.502740638628e+04 
       4.410313608827e-02       1.494714190377e+04 
       4.435975592124e-02       1.486659443062e+04 
       4.462137142674e-02       1.478578464776e+04 
       4.488827092140e-02       1.470476025199e+04 
       4.516076666663e-02       1.462346038940e+04 
       4.543919752046e-02       1.454180698713e+04 
       4.572393195816e-02       1.445981802803e+04 
       4.601537152294e-02       1.437750987668e+04 
       4.631395478081e-02       1.429483392605e+04 
       4.662016186813e-02       1.421167428423e+04 
       4.693451973854e-02       1.412808428319e+04 
       4.725760823866e-02       1.404394124918e+04 
       4.759006716951e-02       1.395918029527e+04 
       4.793260452540e-02       1.387393143400e+04 
       4.828600614513e-02       1.378809083674e+04 
       4.865114706497e-02       1.370122649444e+04 
       4.902900493065e-02       1.361391840590e+04 
       4.942067591281e-02       1.352556573439e+04 
       4.982739367933e-02       1.343576182696e+04 
       5.025055211782e-02       1.334531140716e+04 
       5.069173267919e-02       1.325406512788e+04 
       5.115273743947e-02       1.316075521830e+04 
       5.163562926597e-02       1.306667948133e+04 
       5.214278083896e-02       1.297065081210e+04 
       5.267693473986e-02       1.287278994492e+04 
       5.324127738574e-02       1.277239135688e+04 
       5.383953027337e-02       1.267032091488e+04 
       5.447606277880e-02       1.256456490946e+04 
       5.515603156362e-02       1.245673642080e+04 
       5.588555227554e-02       1.234393705002e+04 
       5.667190925590e-02       1.222760302163e+04 
       5.752380746137e-02       1.210530842071e+04 
       5.845166594463e-02       1.197649363666e+04 
       5.946794059176e-02       1.183938465258e+04 
       6.058743937388e-02       1.169222591067e+04 
       6.182754674334e-02       1.153218413187e+04 
       6.320819351487e-02       1.135499233878e+04 
       6.475129000871e-02       1.115679956446e+04 
       6.647921333471e-02       1.093074991229e+04 
       6.841192418840e-02       1.066940302670e+04 
       7.056263881095e-02       1.036612004357e+04 
       7.293295005129e-02       1.001420117521e+04 
       7.550958766983e-02       9.611514602450e+03 
       7.826529561964e-02       9.161411770714e+03 
       8.116429134099e-02       8.674948394604e+03 
       8.416970063695e-02       8.169110575529e+03 
       8.724940127978e-02       7.663403245499e+03 
       9.037859295730e-02       7.176854316837e+03 
       9.353968144889e-02       6.725734631510e+03 
       9.672087748011e-02       6.321626464372e+03 
       9.991457038550e-02       5.970413722263e+03 
       1.031159620842e-01       5.674058448606e+03 
       1.063220720663e-01       5.429044949949e+03 
       1.095310656302e-01       5.229454596572e+03 
       1.127418195913e-01       5.066701413443e+03 
       1.159536485741e-01       4.930728951569e+03 
       1.191661351083e-01       4.811311792721e+03 
       1.223790251180e-01       4.698667477117e+03 
       1.255921639865e-01       4.584358934403e+03 
       1.288054575722e-01       4.461809755654e+03 
       1.320188484854e-01       4.327039893027e+03 
       1.352323016683e-01       4.179127347850e+03 
       1.384457956357e-01       4.018933775480e+03 
       1.416593171564e-01       3.849564275493e+03 
       1.448728580233e-01       3.675875008627e+03 
       1.480864130919e-01       3.502989192818e+03 
       1.512999790896e-01       3.336011027270e+03 
       1.545135538912e-01       3.179302278267e+03 
       1.577271360783e-01       3.036319674047e+03 
       1.609407246719e-01       2.909292148353e+03 
       1.641543189677e-01       2.798969837338e+03 
       1.673679184370e-01       2.704953065812e+03 
       1.705815226646e-01       2.625668908024e+03 
       1.737951313110e-01       2.558864187546e+03 
       1.770087440891e-01       2.501601014330e+03 
       1.802223607487e-01       2.450789865123e+03 
       1.834359810676e-01       2.403513510941e+03 
       1.866496048454e-01       2.357194038121e+03 
       1.898632318987e-01       2.309081534426e+03 
       1.930768620589e-01       2.257416585750e+03 
       1.962904951700e-01       2.201156463137e+03 
       1.995041310870e-01       2.140422032220e+03 
       2.027177696743e-01       2.075858170078e+03 
       2.059314108057e-01       2.008644058577e+03 
       2.091450543625e-01       1.940565165781e+03 
       2.123587002337e-01       1.873128041075e+03 
       2.155723483149e-01       1.807998854911e+03 
       2.187859985079e-01       1.746401489433e+03 
       2.219996507203e-01       1.689251013754e+03 
       2.252133048651e-01       1.637201797511e+03 
       2.284269608601e-01       1.590429646931e+03 
       2.316406186277e-01       1.548888812787e+03 
       2.348542780947e-01       1.512104745107e+03 
       2.380679391918e-01       1.479533235459e+03 
       2.412816018534e-01       1.450232355160e+03 
       2.444952660174e-01       1.423189722427e+03 
       2.477089316251e-01       1.397490497637e+03 
       2.509225986205e-01       1.372121984408e+03 
       2.541362669506e-01       1.346420710957e+03 
       2.573499365653e-01       1.319914082022e+03 
       2.605636074166e-01       1.292303026144e+03 
       2.637772794591e-01       1.263554814561e+03 
       2.669909526495e-01       1.233814513715e+03 
       2.702046269466e-01       1.203332659497e+03 
       2.734183023111e-01       1.172544295452e+03 
       2.766319787057e-01       1.141944568356e+03 
       2.798456560947e-01       1.112024871176e+03 
       2.830593344439e-01       1.083257893137e+03 
       2.862730137210e-01       1.056045395638e+03 
       2.894866938947e-01       1.030604191821e+03 
       2.927003749355e-01       1.007054252923e+03 
       2.959140568148e-01       9.853737927938e+02 
       2.991277395056e-01       9.653994085515e+02 
       3.023414229818e-01       9.469064809027e+02 
       3.055551072185e-01       9.296377854754e+02 
       3.087687921919e-01       9.133129733170e+02 
       3.119824778790e-01       8.976073829808e+02 
       3.151961642580e-01       8.822909805080e+02 
       3.184098513077e-01       8.670933928742e+02 
       3.216235390079e-01       8.518308233721e+02 
       3.248372273394e-01       8.363796867012e+02 
       3.280509162833e-01       8.206919083642e+02 
       3.312646058219e-01       8.047773151540e+02 
       3.344782959378e-01       7.887920977259e+02 
       3.376919866146e-01       7.727806891943e+02 
       3.409056778362e-01       7.569614115494e+02 
       3.441193695874e-01       7.414466003090e+02 
       3.473330618534e-01       7.263631808237e+02 
       3.505467546199e-01       7.118099393462e+02 
       3.537604478733e-01       6.978653759226e+02 
       3.569741416004e-01       6.845837836457e+02 
       3.601878357884e-01       6.719894561273e+02 
       3.634015304250e-01       6.600621624843e+02 
       3.666152254983e-01       6.487511309647e+02 
       3.698289209971e-01       6.379743225132e+02 
       3.730426169101e-01       6.276198359400e+02 
       3.762563132268e-01       6.175928407974e+02 
       3.794700099368e-01       6.077932201227e+02 
       3.826837070303e-01       5.981457549695e+02 
       3.858974044975e-01       5.885975211111e+02 
       3.891111023292e-01       5.791206357216e+02 
       3.923248005163e-01       5.696851585954e+02 
       3.955384990503e-01       5.603048847669e+02 
       3.987521979226e-01       5.509749970571e+02 
       4.019658971252e-01       5.417149204939e+02 
       4.051795966501e-01       5.325617088328e+02 
       4.083932964896e-01       5.235557135201e+02 
       4.116069966365e-01       5.147388861272e+02 
       4.148206970835e-01       5.061523556778e+02 
       4.180343978237e-01       4.978194528613e+02 
       4.212480988503e-01       4.897516428523e+02 
       4.244618001568e-01       4.819512153487e+02 
       4.276755017369e-01       4.744039336592e+02 
       4.308892035844e-01       4.671063182020e+02 
       4.341029056934e-01       4.600351826267e+02 
       4.373166080581e-01       4.531851694012e+02 
       4.405303106729e-01       4.465188417260e+02 
       4.437440135322e-01       4.400424244327e+02 
       4.469577166309e-01       4.336834850454e+02 
       4.501714199638e-01       4.274538328588e+02 
       4.533851235258e-01       4.213109357217e+02 
       4.565988273122e-01       4.152454982036e+02 
       4.598125313182e-01       4.092477953498e+02 
       4.630262355391e-01       4.033186060054e+02 
       4.662399399707e-01       3.974654037985e+02 
       4.694536446084e-01       3.916925122181e+02 
       4.726673494482e-01       3.860066735161e+02 
       4.758810544858e-01       3.804122770608e+02 
       4.790947597174e-01       3.749161777934e+02 
       4.823084651389e-01       3.695318924058e+02 
       4.855221707467e-01       3.642661076069e+02 
       4.887358765369e-01       3.591306573452e+02 
       4.919495825062e-01       3.541279298773e+02 
       4.951632886509e-01       3.492602922312e+02 
       4.983769949676e-01       3.445204060167e+02 
       5.015907014530e-01       3.398957984520e+02 
       5.048044081040e-01       3.353751391338e+02 
       5.080181149173e-01       3.309542782571e+02 
       5.112318218898e-01       3.266047872871e+02 
       5.144455290187e-01       3.223469057398e+02 
       5.176592363009e-01       3.181553096946e+02 
       5.208729437336e-01       3.140204856610e+02 
       5.240866513140e-01       3.099555424788e+02 
       5.273003590395e-01       3.059454227854e+02 
       5.305140669074e-01       3.019877862361e+02 
       5.337277749150e-01       2.980837618501e+02 
       5.369414830599e-01       2.942465720784e+02 
       5.401551913397e-01       2.904632807994e+02 
       5.433688997519e-01       2.867485773258e+02 
       5.465826082942e-01       2.830973739265e+02 
       5.497963169642e-01       2.795221122890e+02 
       5.530100257599e-01       2.760150607656e+02 
       5.562237346789e-01       2.725741117410e+02 
       5.594374437191e-01       2.691975860867e+02 
       5.626511528786e-01       2.658854066870e+02 
       5.658648621551e-01       2.626381728497e+02 
       5.690785715468e-01       2.594557075873e+02 
       5.722922810517e-01       2.563332334202e+02 
       5.755059906678e-01       2.532682068350e+02 
       5.787197003934e-01       2.502537926463e+02 
       5.819334102266e-01       2.472866832619e+02 
       5.851471201657e-01       2.443648276957e+02 
       5.883608302088e-01       2.414858635725e+02 
       5.915745403544e-01       2.386522929606e+02 
       5.947882506007e-01       2.358629017185e+02 
       5.980019609460e-01       2.331169329732e+02 
       6.012156713889e-01       2.304126895670e+02 
       6.044293819277e-01       2.277477662569e+02 
       6.076430925610e-01       2.251215807424e+02 
       6.108568032872e-01       2.225331548182e+02 
       6.140705141049e-01       2.199846072571e+02 
       6.172842250125e-01       2.174787518148e+02 
       6.204979360089e-01       2.150167047366e+02 
       6.237116470924e-01       2.125977021232e+02 
       6.269253582619e-01       2.102208629075e+02 
       6.301390695160e-01       2.078821754475e+02 
       6.333527808534e-01       2.055788407348e+02 
       6.365664922728e-01       2.033119167234e+02 
       6.397802037731e-01       2.010807174877e+02 
       6.429939153529e-01       1.988856709643e+02 
       6.462076270111e-01       1.967267123027e+02 
       6.494213387465e-01       1.946010248850e+02 
       6.526350505581e-01       1.925072031279e+02 
       6.558487624446e-01       1.904423970684e+02 
       6.590624744049e-01       1.884062053675e+02 
       6.622761864380e-01       1.863970999767e+02 
       6.654898985429e-01       1.844160293876e+02 
       6.687036107185e-01       1.824648943635e+02 
       6.719173229637e-01       1.805427050556e+02 
       6.751310352776e-01       1.786499208974e+02 
       6.783447476592e-01       1.767849160839e+02 
       6.815584601076e-01       1.749461833054e+02 
       6.847721726217e-01       1.731333538828e+02 
       6.879858852008e-01       1.713441467346e+02 
       6.911995978438e-01       1.695821047146e+02 
       6.944133105498e-01       1.678464795155e+02 
       6.976270233181e-01       1.661384996185e+02 
       7.008407361477e-01       1.644555184597e+02 
       7.040544490379e-01       1.627975570304e+02 
       7.072681619877e-01       1.611626170548e+02 
       7.104818749963e-01       1.595490140116e+02 
       7.136955880631e-01       1.579572661706e+02 
       7.169093011871e-01       1.563872154764e+02 
       7.201230143676e-01       1.548399861489e+02 
       7.233367276039e-01       1.533136288522e+02 
       7.265504408952e-01       1.518105747891e+02 
       7.297641542408e-01       1.503274491033e+02 
       7.329778676400e-01       1.488627842507e+02 
       7.361915810921e-01       1.474167377044e+02 
       7.394052945963e-01       1.459896510612e+02 
       7.426190081521e-01       1.445808034292e+02 
       7.458327217587e-01       1.431918747916e+02 
       7.490464354154e-01       1.418227867816e+02 
       7.522601491217e-01       1.404729075055e+02 
       7.554738628769e-01       1.391416801110e+02 
       8.258715780720e-01       1.138911409250e+02 
       9.279569565462e-01       8.739221770455e+01 
       1.090478659365e+00       6.026106411069e+01 
